kinglia=# SELECT * FROM booking WHERE placeid=857955;
 bookingid | userid | placeid |  checkin   |  checkout  | adults | children | infants | nightly_fee | cleaning_fee | occupancy_tax_rate
-----------+--------+---------+------------+------------+--------+----------+---------+-------------+--------------+--------------------
   3416264 | 211250 |  857955 | 2021-04-14 | 2021-04-21 |      1 |        2 |       0 |      115.00 |       116.00 |               0.16
   4753919 | 224912 |  857955 | 2021-08-28 | 2021-09-05 |      6 |        1 |       1 |      178.00 |        82.00 |               0.13
   7031227 | 478215 |  857955 | 2021-03-08 | 2021-03-10 |      6 |        3 |       1 |      337.00 |       198.00 |               0.18
   7096425 | 642543 |  857955 | 2021-08-12 | 2021-08-14 |      3 |        3 |       0 |      132.00 |       167.00 |               0.09
   7374369 | 547864 |  857955 | 2021-06-22 | 2021-06-29 |      5 |        3 |       1 |      198.00 |       183.00 |               0.22
   9855874 | 574417 |  857955 | 2021-07-13 | 2021-07-23 |      2 |        3 |       1 |       94.00 |       104.00 |               0.20
  10247186 | 958921 |  857955 | 2020-11-25 | 2020-11-27 |      1 |        1 |       1 |      285.00 |        96.00 |               0.16
  10270481 | 716143 |  857955 | 2021-07-15 | 2021-07-27 |      3 |        3 |       1 |      120.00 |       134.00 |               0.19
  10687073 | 201997 |  857955 | 2021-02-19 | 2021-03-05 |      2 |        3 |       0 |      232.00 |       134.00 |               0.16
  13169023 | 221020 |  857955 | 2021-04-24 | 2021-05-04 |      4 |        1 |       1 |      347.00 |       147.00 |               0.19
  13395157 | 836464 |  857955 | 2021-04-16 | 2021-04-23 |      2 |        1 |       1 |      307.00 |       156.00 |               0.08
  17058132 | 883837 |  857955 | 2021-02-16 | 2021-02-24 |      3 |        3 |       0 |      188.00 |       185.00 |               0.16
  18965336 | 663157 |  857955 | 2020-11-14 | 2020-11-24 |      5 |        2 |       1 |      285.00 |        64.00 |               0.15
  20165445 | 354468 |  857955 | 2021-01-29 | 2021-02-04 |      5 |        3 |       0 |      236.00 |       173.00 |               0.11